011111111
100000010
100000101
100001000
100001100
100001111
100010010
100010101
100011000
100011011
100011111
100100010
100100101
100101000
100101011
100101110
100110001
100110100
100110111
100111010
100111110
101000001
101000100
101000111
101001010
101001101
101010000
101010011
101010110
101011001
101011100
101011111
101100010
101100100
101100111
101101010
101101101
101110000
101110011
101110110
101111000
101111011
101111110
110000001
110000011
110000110
110001001
110001011
110001110
110010001
110010011
110010110
110011000
110011011
110011101
110100000
110100010
110100101
110100111
110101001
110101100
110101110
110110000
110110011
110110101
110110111
110111001
110111011
110111101
111000000
111000010
111000100
111000110
111001000
111001010
111001011
111001101
111001111
111010001
111010011
111010101
111010110
111011000
111011010
111011011
111011101
111011110
111100000
111100001
111100011
111100100
111100110
111100111
111101000
111101010
111101011
111101100
111101101
111101110
111101111
111110000
111110001
111110010
111110011
111110100
111110101
111110110
111110111
111110111
111111000
111111001
111111010
111111010
111111011
111111011
111111100
111111100
111111101
111111101
111111101
111111110
111111110
111111110
111111110
111111110
111111110
111111110
111111111
